custom,cuboid,default,100,1,1,0,1,1,1,1.0,1.0,185.1259,11.85548,23.06297,0.5,-0.5,0.5,0.5;
custom,cuboid,default,100,1,1,0,1,1,1,1.0,1.0,-183.2893,11.87249,21.26522,0,-0.7071068,0,0.7071068;
custom,cuboid,default,40,1,1,0,1,1,1,1.0,1.0,-3.413106,11.86281,520.4679,0,0,0,1;
custom,cuboid,default,40,1,1,0,1,1,1,1.0,1.0,-3.570657,11.86781,-477.6446,0,0,0,1;
custom,cuboid,default,20,1,1,0,1,1,1,1.0,1.0,-0.4005919,11.88535,424.1045,0,0,0,1;
custom,cuboid,default,10,1,1,0,1,1,1,1.0,1.0,94.25841,11.86937,468.8925,0,-0.7071068,0,0.7071068;
custom,cuboid,default,10,1,1,0,1,1,1,1.0,1.0,-95.33453,11.86537,470.1092,0,-0.7071068,0,0.7071068;
custom,cuboid,default,10,1,1,0,1,1,1,1.0,1.0,99.4773,11.87736,-424.8416,0,-0.7071068,0,0.7071068;
custom,cuboid,default,20,1,1,0,1,1,1,1.0,1.0,4.491028,11.88236,-371.5353,0,0,0,1;
custom,cuboid,default,10,1,1,0,1,1,1,1.0,1.0,-90.34543,11.87736,-424.221,0,-0.7071068,0,0.7071068;
custom,cuboid,default,36,1,1,0,1,1,1,1.0,1.0,0.8404546,11.88708,15.12969,0,0,0,1;
custom,tube,default,5,1,5,0,1,1,1,1.0,1.0,-1.495295,13.10505,15.26213,0,0.9997559,0,-0.02209655;
custom,plane,grass,36,1,50,1,1,0,1,40.0,50.0,0.1542163,16.79685,268.2748,0,0,0,1;
custom,plane,grass,36,1,50,1,0,0.5,1,40.0,50.0,1.543852,16.83294,-232.1363,0,0,0,1;
custom,cylinder,default,0.2,1,0.2,0,1,1,1,1,1,35.81479,25.70871,526.4137,0,0.01784514,0,0.9998408;
custom,cylinder,default,0.2,2,0.2,0,1,1,1,1,1,-34.89138,19.51895,539.3155,-0.334344,0,0,0.9424511;
custom,cylinder,default,0.2,1,0.2,0,1,1,1,1,1,-35.02403,25.70871,526.4607,0,0.01784514,0,0.9998408;
custom,cylinder,default,0.2,3.5,0.2,0,1,1,1,1,1,0.6510842,34.82315,526.3979,0,0,0.7071068,0.7071068;
custom,cylinder,default,0.2,2,0.2,0,1,1,1,1,1,35.71928,19.51895,539.1439,-0.334344,0,0,0.9424511;
custom,cylinder,default,0.2,2,0.2,0,1,1,1,1,1,-33.69203,19.51895,-496.1224,2.915299E-05,0.9424496,0.3343483,-8.198128E-05;
custom,cylinder,default,0.2,3.5,0.2,0,1,1,1,1,1,1.376032,34.82315,-483.3809,0.7071068,0.7071068,-6.190396E-05,-6.188801E-05;
custom,cylinder,default,0.2,2,0.2,0,1,1,1,1,1,36.91459,19.51895,-496.3069,2.915299E-05,0.9424496,0.3343483,-8.198128E-05;
custom,cylinder,default,0.2,1,0.2,0,1,1,1,1,1,37.04918,25.70871,-483.449,0,0.9998392,0,-0.01793233;
custom,cylinder,default,0.2,1,0.2,0,1,1,1,1,1,-33.78564,25.70871,-483.3925,0,0.9998392,0,-0.01793233;
custom,plane,bombexplosionTex,10,1,101,0,1,1,1,90.0,909.0,-188.3459,64.20212,20.57154,0,0,-0.7071068,0.7071068;
custom,plane,bombexplosionTex,10,1,101,0,1,1,1,90.0,909.0,190.3109,64.20212,21.497,0,0,-0.7071068,0.7071068;
custom,plane,bombexplosionTex,15.5,1,10,0,1,1,1,139.5,90,114.5171,64.30263,-483.0222,0.7071068,0,0,0.7071068;
custom,plane,bombexplosionTex,15.5,1,10,0,1,1,1,139.5,90,-111.5587,64.30263,-483.3426,0.7071068,0,0,0.7071068;
custom,plane,bombexplosionTex,15.5,1,10,0,1,1,1,139.5,90,113.5262,64.37156,525.7253,-0.7071068,0,0,0.7071068;
custom,plane,bombexplosionTex,15.5,1,10,0,1,1,1,139.5,90,-112.9915,64.37156,525.644,-0.7071068,0,0,0.7071068;
custom,plane,bombexplosionTex,7.2,1,7.9,0,1,1,1,64.8,71.1,0.3033455,74.77252,525.657,-0.7071068,0,0,0.7071068;
custom,plane,bombexplosionTex,7.2,1,7.9,0,1,1,1,64.8,71.1,1.491291,74.88349,-482.9898,0.7071068,0,0,0.7071068;
custom,plane,bombexplosionTex,7.0,10,3,0,1,1,1,64.8,27,1.415251,22.4371,-494.1168,0.9037838,0,0,0.4279893;
custom,plane,bombexplosionTex,7.0,10,3,0,1,1,1,64.8,27,0.6318756,22.34028,537.2087,-0.9003186,0,0,0.4352316;
custom,pyramid,bombexplosionTex,0,2,1.2,0,1,1,1,30,36,35.45678,18.4846,532.5754,-0.1815065,0,0,0.9833897;
custom,pyramid,bombexplosionTex,0,2,1.2,0,1,1,1,30,36,-34.82805,18.4846,532.5392,-0.1815065,0,0,0.9833897;
custom,pyramid,bombexplosionTex,0,2,1.2,0,1,1,1,30,36,-33.57406,18.86699,-489.3181,0.1821543,0,0,0.98327;
custom,pyramid,bombexplosionTex,0,2,1.2,0,1,1,1,30,36,36.48198,18.86699,-489.3509,0.1821543,0,0,0.98327;
misc,region,BallSpawn,1,1,1,1.95279,62.01969,13.28778,0,0,0,1;
misc,region,GoalRed,70,20,10,0.07165693,25.89736,530.7698,0,0,0,1;
misc,region,GoalBlue,70,20,10,1.374503,25.47873,-487.7813,0,0,0,1;
misc,barrier,50,1,120,0.198396,12.15096,-5.653179,0,0,0,1;
misc,barrier,5,10,110,213.9905,63.2191,23.59552,0,0,0,1;
misc,barrier,20,10,5,-132.5199,64.62517,-508.2527,0,0,0,1;
misc,barrier,5,10,110,-213.0631,64.02665,-1.065385,0,0,0,1;
misc,barrier,20,10,5,135.9511,64.62517,-506.8961,0,0,0,1;
misc,barrier,20,10,5,8.014118,84.6653,-507.3848,0,0,0,1;
misc,barrier,1,5,10,14.48173,18.59167,-503.3657,0.2346042,-0.6670539,-0.2346042,0.6670539;
misc,barrier,2,1,110,193.0215,19.04659,32.71489,0,0,-0.8314697,0.5555701;
misc,barrier,20,10,5,5.430368,84.6653,549.1921,0,0,0,1;
misc,barrier,20,10,5,-134.5046,64.62517,549.2917,0,0,0,1;
misc,barrier,2,1,110,186.8824,12.24259,32.8637,0,0,-0.9238796,0.3826834;
misc,barrier,2,1,110,-188.1919,15.98571,30.24406,4.364447E-09,1.807813E-09,-0.3826834,0.9238796;
misc,barrier,20,1,2,144.0533,16.44336,524.7433,0.9238796,-5.762385E-09,2.351904E-08,0.3826834;
misc,barrier,20,1,2,-143.3125,18.09139,526.7369,-0.3826834,0,0,0.9238796;
misc,barrier,20,1,2,-141.8017,15.51494,-481.3803,0.3826834,0,0,0.9238796;
misc,barrier,20,1,2,145.4645,15.51494,-480.3361,0.3826834,1.807813E-09,4.364447E-09,0.9238796;
misc,barrier,10,5,2,2.380787,22.09535,549.2997,-0.3281765,0,0,0.9446164;
racing,checkpointCapsule,1,1,1,157.4416,13.80983,-447.0859,0,0.9988629,0,-0.04767617;
racing,checkpointCapsule,1,1,1,-156.0497,13.80983,494.4883,0,0.9988629,0,-0.04767617;
racing,checkpointCapsule,1,1,1,159.289,13.80983,12.00168,0,0.9988629,0,-0.04767617;
racing,checkpointCapsule,1,1,1,158.1097,13.80983,495.5699,0,0.9988629,0,-0.04767617;
racing,checkpointCapsule,1,1,1,-155.8624,13.80983,17.51913,0,0.9988629,0,-0.04767617;
racing,checkpointCapsule,1,1,1,-151.7529,13.80983,-450.4533,0,0.9988629,0,-0.04767617;
misc,barrier,50,1,120,-0.8343735,118.7865,-6.276414,0,0,0,1;
spawnpoint,playerC,99.66721,25.83748,-368.1677,0,0.001887463,0,-0.9999982;
spawnpoint,playerC,3.456302,25.83748,-374.6396,0,0.001887463,0,-0.9999982;
spawnpoint,playerC,-88.51014,25.83748,-373.6002,0,0.001887463,0,-0.9999982;
spawnpoint,playerC,-89.53214,25.83748,-257.5113,0,0.001887463,0,-0.9999982;
spawnpoint,playerC,2.358538,25.83748,-258.3717,0,0.001887463,0,-0.9999982;
spawnpoint,playerC,98.86481,25.83748,-258.0561,0,0.001887463,0,-0.9999982;
spawnpoint,playerM,-95.20802,22.29818,424.1328,0,0.9999536,0,-0.009632721;
spawnpoint,playerM,6.937517,22.29818,427.8296,0,0.9999536,0,-0.009632721;
spawnpoint,playerM,95.0569,22.29818,427.1634,0,0.9999536,0,-0.009632721;
spawnpoint,playerM,-89.88882,22.29818,286.1887,0,0.9999536,0,-0.009632721;
spawnpoint,playerM,6.387758,22.29818,287.6462,0,0.9999536,0,-0.009632721;
spawnpoint,playerM,96.8131,22.29818,289.5616,0,0.9999536,0,-0.009632721;
misc,region,PlayerArea,500,200,1200,-7.494172,70.37041,-30.38413,0,0,0,1;
misc,barrier,20,10,5,25.93175,34.4656,-517.7174,0,0,0,1;
misc,barrier,20,10,5,7.489489,29.26558,560.7328,0,0,0,1;
misc,barrier,20,1,2,145.2796,16.74066,-482.9732,0.5555702,2.624538E-09,3.927898E-09,0.8314697;
misc,barrier,20,1,2,145.6434,15.18095,-481.6961,0.1950903,9.21615E-10,4.633272E-09,0.9807853;
misc,barrier,20,10,5,134.5809,64.62517,550.0757,0,0,0,1;
misc,barrier,2,1,110,187.8803,9.192822,32.83355,0,0,-0.5555704,0.8314695;
misc,barrier,20,1,2,-141.7723,15.35095,-482.1003,0.1950903,-1.712038E-10,-1.04888E-08,0.9807853;
misc,barrier,20,1,2,-142.4077,23.04285,-486.6772,0.5555702,0,0,0.8314697;
misc,barrier,2,1,110,-187.5183,15.27574,30.24192,1.096468E-08,-3.443806E-09,-0.1950904,0.9807853;
misc,barrier,2,1,110,-192.1597,23.16388,30.36572,3.927899E-09,2.624538E-09,-0.5555702,0.8314697;
misc,barrier,20,1,2,-143.4564,15.4914,525.3647,-0.1950903,0,0,0.9807853;
misc,barrier,20,1,2,-143.2427,23.05141,528.5887,-0.5555702,0,0,0.8314697;
misc,barrier,20,1,2,143.9099,12.84926,518.8785,0.9807853,0,0,0.1950903;
misc,barrier,20,1,2,144.3546,18.7013,527.6059,0.8314697,0,0,0.5555702;
misc,barrier,1,12,5,191.8103,69.59224,524.9538,0,0.9152979,0,0.4027775;
misc,barrier,1,12,5,193.0997,69.59224,527.0268,0,0.8191327,0,0.573604;
misc,barrier,1,12,5,192.4467,69.59224,524.3267,-7.438957E-09,0.9762887,-1.119686E-08,0.2164724;
misc,barrier,1,12,5,189.5298,81.62548,-480.4683,0,0.9240767,0,-0.3822071;
misc,barrier,1,12,5,186.6991,81.62548,-483.8834,0,0.8317559,0,-0.5551416;
misc,barrier,1,12,5,191.9409,81.62548,-477.507,0,0.9808857,0,-0.1945846;
misc,barrier,1,12,5,-185.1433,60.54774,-481.5219,0,-0.3826834,0,0.9238796;
misc,barrier,1,12,5,-179.8912,60.54774,-485.7087,0,-0.5555703,0,0.8314696;
misc,barrier,1,12,5,-193.0492,60.54774,-469.0316,0,-0.1950904,0,0.9807853;
misc,barrier,1,12,5,-185.3476,79.43772,520.0085,0,0.3826834,0,0.9238796;
misc,barrier,1,12,5,-181.4878,79.43772,524.4785,0,0.5555703,0,0.8314696;
misc,barrier,1,12,5,-189.7171,79.43772,512.5231,0,0.1950904,0,0.9807853;
misc,region,CyanGas1,1,1,1,-151.3539,24.92879,-450.066,0,0,0,1;
misc,region,CyanGas2,1,1,1,157.1671,24.38435,-446.3658,0,0,0,1;
misc,region,MagentaGas1,1,1,1,158.1219,25.36375,496.0143,0,0,0,1;
misc,region,MagentaGas2,1,1,1,-155.8831,24.25054,495.1435,0,0,0,1;
misc,barrier,1,1,3,-40.77933,12.30709,521.7275,-0.1913417,-0.03806024,-0.1913417,0.9619398;
misc,barrier,1,1,3,-41.00205,12.30709,523.1271,-0.3753303,-0.07465784,-0.18024,0.9061275;
misc,barrier,1,1,2,41.16319,14.01827,525.498,-0.1913417,0.03806024,0.1913417,0.9619398;
misc,barrier,1,1,2,41.16319,14.01827,525.498,-0.3753303,0.07465784,0.18024,0.9061275;
misc,barrier,1,1,2,-39.1218,14.40818,-483.8716,0.1913417,0.03806024,-0.1913417,0.9619398;
misc,barrier,1,1,2,-39.18225,14.40818,-482.4767,0.3753303,0.07465784,-0.18024,0.9061275;
misc,barrier,1,1,2,42.96437,13.92837,-482.7107,0.1913417,-0.03806024,0.1913417,0.9619398;
misc,barrier,1,1,2,42.85639,13.92837,-481.3918,0.3753303,-0.07465786,0.18024,0.9061275;
custom,plane,bombexplosionTex,38,1,101,0,1,1,1,405,990,0.7588739,114.387,21.02078,1,0,0,0;
